ID,r1e1,r1e2,r1e3,r1e4,r2e1,r2e2,r2e3,r2e4,r3e1,r3e2,r3e3,r3e4,r4e1,r4e2,r4e3,r4e4,r5e1,r5e2,r5e3,r5e4,r6e1,r6e2,r6e3,r6e4
sub-10,90.038520,61.518122,43.438310,31.450094,74.940113,51.429512,36.200583,26.098054,72.682614,49.706924,35.028559,25.203699,80.891593,57.013201,40.956804,29.789635,78.784414,55.216547,39.368902,28.510916,84.749846,57.197574,39.946017,28.767375
sub-11,78.164510,53.506459,37.577332,27.043574,76.921176,52.710744,37.154821,26.691540,78.042449,53.327327,37.652773,27.113240,78.659777,54.201911,38.203600,27.394992,79.189842,54.602032,38.684151,27.712274,85.584628,59.843726,42.695421,30.913443
sub-12,91.045902,62.200672,44.004345,32.150081,80.520970,56.776920,40.833199,29.466366,83.186381,58.830754,42.564168,30.783920,79.364721,54.750728,39.022570,28.222437,82.119791,56.954333,40.666702,29.452654,83.224861,56.949741,40.773305,29.879409
sub-13,80.282611,55.606557,39.815670,28.958840,79.819384,56.027398,39.992449,28.747472,79.847017,55.727329,39.661736,28.434563,73.408881,51.323319,36.338781,26.031666,70.118504,48.754758,34.568036,24.870142,77.517895,53.510431,37.800970,27.074402
sub-14,76.350012,49.826672,34.935071,25.423372,55.380491,37.538790,26.752870,19.616354,70.183035,46.623740,32.899582,23.723942,73.236296,48.628706,34.426646,24.927452,74.492971,50.185177,35.553740,25.685570,67.723999,43.942560,30.927665,22.398295
sub-15,79.752048,53.742785,37.727376,27.099713,80.749189,56.203476,39.940659,28.723855,77.523232,53.326119,37.737452,27.142549,78.478104,53.828662,37.837826,27.113097,79.362664,54.424759,38.357256,27.422279,79.551341,55.033667,38.933430,28.260431
sub-16,82.699628,56.604612,40.795443,30.163555,NaN,NaN,NaN,NaN,NaN,NaN,NaN,NaN,NaN,NaN,NaN,NaN,NaN,NaN,NaN,NaN,NaN,NaN,NaN,NaN
sub-17,91.938831,62.414015,44.932356,33.003560,83.652128,57.068116,40.911515,29.698338,79.511223,55.707662,40.197469,29.272875,80.854503,55.472923,39.812882,28.903569,80.104691,55.059387,39.538705,28.728366,81.715414,54.565991,38.844373,28.272930
sub-18,72.275256,49.929570,35.817284,26.196123,76.757547,54.012603,38.759928,27.949931,73.653255,50.731923,36.203262,26.136927,73.880352,51.332251,36.776435,26.621604,77.014498,54.169764,38.859905,28.059599,81.319763,56.224202,40.490435,29.550703
sub-19,85.525097,56.593397,39.335124,27.976380,75.004936,50.804309,35.455189,25.328367,78.017547,52.663359,36.864566,26.359348,78.568999,52.985221,37.082993,26.515022,71.402811,47.792801,33.413018,23.937693,85.009305,56.442699,39.232201,27.880918
sub-20,82.384679,56.995726,40.814054,29.673584,64.307934,44.189790,31.537314,22.849517,72.697665,50.664451,36.531851,26.454792,70.307493,48.370780,34.675578,25.091494,72.473518,50.174859,35.876854,25.866651,NaN,NaN,NaN,NaN
sub-21,87.570649,60.118664,42.299935,30.594376,84.159358,58.138613,41.136989,29.288712,85.643325,59.527207,42.335000,30.238528,85.400074,59.021341,41.887970,29.958769,88.136529,61.552707,43.949950,31.420162,95.934992,66.282736,47.083102,34.317781
sub-22,79.287310,53.190685,37.682873,27.484526,79.972522,53.581395,38.200139,28.144695,67.500957,45.968526,32.667977,24.019772,68.546247,45.547914,32.118967,23.534775,75.259546,50.920096,36.152697,26.430884,76.703934,49.761820,35.029311,25.671666
sub-23,84.887956,57.472562,40.521342,29.491054,81.301009,56.373522,39.824875,28.971151,62.659399,42.932031,29.901581,21.708986,61.640225,42.234861,29.795188,21.845575,80.398302,54.587693,38.270676,27.880150,66.988381,46.052133,32.852201,24.269540
sub-24,82.698194,55.118157,37.742998,26.327836,70.675204,47.582301,32.949105,23.189290,74.281358,49.948144,34.557517,24.377061,81.775957,56.149905,39.251322,27.620857,81.191771,54.838303,38.028962,26.676059,84.565179,58.137692,40.646271,28.542435
sub-25,NaN,NaN,NaN,NaN,80.358357,56.321015,40.264104,29.200692,76.331186,53.241280,37.828169,27.397626,82.590834,58.455279,42.204578,30.950632,84.225926,59.617685,43.060032,31.539408,81.139918,56.082850,39.871653,28.898961
sub-26,86.561509,60.612461,43.586411,31.630708,78.278522,55.108992,39.585037,28.610626,79.546860,56.678052,40.970810,29.580507,77.264971,54.681328,39.584953,28.773787,76.990941,54.206846,39.236471,28.452918,87.369912,59.556300,42.307665,30.448524
sub-27,82.775701,57.802571,41.071756,29.600112,75.384241,53.095274,37.763297,27.045686,64.183340,43.692249,30.442168,21.594597,64.640574,44.341872,31.163961,22.266161,68.259629,46.457024,32.366734,23.005414,84.704801,57.512355,40.252644,28.748044
sub-28,78.999131,54.745373,39.494516,28.755373,82.517445,58.985882,42.979267,31.343698,81.627281,57.981890,42.006746,30.634558,80.790377,57.353060,41.504154,30.282168,84.797836,59.921914,43.244579,31.431035,NaN,NaN,NaN,NaN
sub-29,76.967105,54.195441,38.703869,28.417765,72.738582,50.972762,36.223280,26.481189,59.696456,42.602077,30.268760,22.137387,68.996647,49.045227,34.977329,25.529810,64.088996,44.958275,32.088402,23.491338,75.282910,53.489167,38.471785,28.334159
sub-30,81.323338,53.906178,38.073789,27.693112,81.386252,57.119784,41.163687,29.779392,75.927261,53.594188,38.720466,28.107303,82.115500,58.248168,42.133880,30.609775,80.815866,56.908876,41.206981,29.971036,92.066415,65.687414,47.971903,34.988636
sub-31,64.797515,46.383624,33.230276,24.263852,63.964488,44.073864,31.365250,22.666374,65.117766,44.962218,32.087738,23.162973,66.762853,46.905810,33.625844,24.357878,57.711837,40.534711,29.000773,21.064189,69.146879,48.008680,34.221685,24.923712
sub-32,85.552843,57.393403,40.838460,29.832987,82.657077,58.576467,42.904905,31.842304,71.246331,49.652028,36.040976,26.812411,78.265279,55.589418,40.730712,30.371835,70.946664,49.534402,35.912347,26.653308,85.301564,60.249877,44.098734,32.486246
sub-33,93.377353,65.252159,47.178830,34.683818,80.982032,56.081333,40.164049,29.100136,75.445050,51.436728,36.689801,26.636434,82.993520,58.428942,42.217691,30.696885,85.362860,60.204281,43.564152,31.633646,87.930694,60.335101,43.387663,31.846772
sub-34,78.026699,54.693370,39.528512,29.025106,68.974905,48.881693,35.635144,26.119530,65.934747,47.050570,34.253248,25.109564,72.350581,51.937962,38.007420,27.835628,72.689209,52.441584,38.081918,27.728921,78.371374,56.169106,41.395573,30.521871
